0.030371
0.017811
0.009393
0.020908
0.009489
0.016368
0.026262
0.017896
0.046771
0.027384
0.007027
0.024523
0.013184
0.005954
0.011617
0.018465
0.019547
0.060817
0.023872
0.017535
0.061457
0.012875
0.039628
0.028535
0.021881
0.019329
0.014393
0.019319
0.019967
0.026872
0.018279
0.035903
0.025956
0.015578
0.026819
0.018927
0.017257
0.008023
0.011042
0.013865
0.070444
0.020307
0.032735
0.011399
0.012419
0.020015
0.019892
0.013247
0.012998
0.018597
0.022638
0.042844
0.020865
0.028571
0.030635
0.032606
0.031073
0.024331
0.019737
0.011509
0.048127
0.046244
0.042603
0.010811
0.011418
0.021079
0.024582
0.029299
0.024981
0.028425
0.062487
0.032277
0.032217
0.020286
0.022551
0.027371
0.013707
0.015903
0.026946
0.011813
0.035521
0.097209
0.039228
0.032088
0.023218
0.012153
0.017495
0.036428
0.049433
0.040482
0.015947
0.012634
0.018995
0.035090
0.020802
0.032560
0.018054
0.012280
0.010747
0.030902
0.020363
0.025447
0.022122
0.031419
0.030967
0.024558
0.019454
0.030557
0.013161
0.033499
0.017302
0.031512
0.017779
0.018783
0.026412
0.031225
0.039104
0.012830
0.030599
0.006753
0.012490
0.011200
0.032279
0.006421
0.006870
0.019861
0.033024
0.015888
0.032401
0.012575
0.026100
0.024318
0.007102
0.017364
0.011663
0.012364
0.008102
0.023676
0.015548
0.017135
0.024820
0.045535
0.022025
0.013063
0.026921
0.015905
0.032038
0.022846
0.050773
0.034775
0.018359
0.027921
0.011170
0.030734
0.024139
0.022835
0.010382
0.014097
0.023830
0.009487
0.009079
0.010575
0.015312
0.008156
0.008403
0.011630
0.023794
0.015380
0.017722
0.012647
0.018738
0.006708
0.010458
0.010473
0.007998
0.020634
0.017793
0.032335
0.013968
0.009677
0.036899
0.015245
0.039008
0.022096
0.010550
0.023036
0.018438
0.010577
0.030932
0.015313
0.023656
0.021333
0.017293
0.021790
0.009444
0.014818
0.010876
0.026242
0.009266
0.012096