0.015287
0.017242
0.008737
0.015151
0.010330
0.023104
0.011628
0.012466
0.020109
0.005945
0.012625
0.022783
0.014050
0.024912
0.056039
0.012827
0.015890
0.019456
0.014519
0.025607
0.009978
0.016591
0.019669
0.017297
0.025153
0.020369
0.015373
0.025454
0.012465
0.016857
0.010377
0.017848
0.010002
0.012814
0.013455
0.017648
0.011197
0.011572
0.017923
0.013372
0.006766
0.013543
0.020873
0.021018
0.030600
0.016893
0.014241
0.012862
0.028441
0.019601
0.027199
0.013432
0.015875
0.014307
0.011795
0.009601
0.018335
0.004952
0.015757
0.020962
0.006727
0.014270
0.016704
0.017426
0.019929
0.012394
0.014669
0.011541
0.012550
0.013604
0.013711
0.023960
0.017520
0.012565
0.016339
0.009695
0.007964
0.010325
0.014312
0.012007
0.024451
0.021065
0.015236
0.013735
0.015898
0.011820
0.008358
0.017225
0.020379
0.019062
0.013822
0.013383
0.017955
0.008058
0.019649
0.011173
0.024265
0.013246
0.015688
0.007608
0.025030
0.030927
0.015764
0.017635
0.020620
0.013618
0.013462
0.014890
0.009767
0.011881
0.018051
0.022515
0.014556
0.010774
0.018697
0.026350
0.016544
0.011741
0.016142
0.020787
0.016575
0.011546
0.008466
0.007206
0.024867
0.015709
0.017349
0.011157
0.013530
0.017571
0.014465
0.009922
0.050318
0.015141
0.014045
0.010607
0.023691
0.011164
0.012312
0.025224
0.016586
0.011287
0.015279
0.017967
0.031591
0.006299
0.020487
0.025047
0.016994
0.011174
0.011327
0.004889
0.008594
0.015859
0.008732
0.011880
0.018341
0.028753
0.023697
0.019592
0.006930
0.009722
0.007848
0.024766
0.018130
0.011652
0.023730
0.009607
0.019764
0.019061
0.021056
0.009479
0.017661
0.033565
0.017308
0.017743
0.008066
0.023975
0.009097
0.020523
0.014171
0.014622
0.012037
0.017774
0.009806
0.024694
0.015814
0.024754
0.014536
0.018064
0.020339
0.025757
0.019043
0.015287
0.010803
0.028900
0.015971
0.008418
0.008373
0.017921