0.016663
0.025011
0.011094
0.002301
0.002069
0.012356
0.004818
0.014686
0.017132
0.024015
0.012073
0.003035
0.002404
0.009343
0.015806
0.008878
0.002511
0.002492
0.002471
0.009176
0.003489
0.011667
0.008204
0.002459
0.004651
0.009140
0.004072
0.003294
0.003199
0.002382
0.010251
0.004417
0.001981
0.013780
0.009022
0.002500
0.010917
0.009364
0.001869
0.001990
0.002697
0.008070
0.010317
0.002485
0.015793
0.003055
0.017925
0.016181
0.025140
0.010261
0.004768
0.026471
0.002444
0.002935
0.002368
0.011723
0.001667
0.002583
0.026761
0.002482
0.015394
0.006163
0.016475
0.003119
0.022439
0.004697
0.001188
0.013355
0.010772
0.004485
0.004389
0.004278
0.014213
0.002743
0.013755
0.002783
0.013372
0.002506
0.014928
0.014062
0.002220
0.002042
0.003013
0.004135
0.008869
0.014812
0.003728
0.009671
0.002451
0.002667
0.002854
0.006117
0.013338
0.001411
0.002765
0.002166
0.002684
0.017879
0.011612
0.014932
0.009972
0.010682
0.010650
0.002160
0.009487
0.026295
0.014199
0.019221
0.002526
0.002426
0.004719
0.003811
0.002426
0.002685
0.002540
0.009417
0.006363
0.009605
0.002392
0.006866
0.002587
0.004638
0.017564
0.002613
0.014193
0.008055
0.014140
0.003000
0.002763
0.008555
0.012080
0.003650
0.003046
0.003014
0.002066
0.013865
0.002583
0.002763
0.009842
0.008063
0.015689
0.009267
0.005467
0.022953
0.007359
0.016893
0.009656
0.008864
0.010505
0.002412
0.006895
0.001940
0.008930
0.013752
0.011796
0.002568
0.017322
0.004125
0.002818
0.002355
0.010414
0.015593
0.002943
0.008115
0.009487
0.001011
0.001831
0.002504
0.002429
0.000751
0.001867
0.006299
0.002495
0.002584
0.002063
0.005046
0.010775
0.001984
0.005997
0.008774
0.014318
0.004527
0.002620
0.002455
0.024757
0.007567
0.003013
0.001851
0.002662
0.006465
0.002690
0.008868
0.015908
0.002503
0.002459
0.008247
0.002675
0.012214
0.003478
0.006451