0.037019
0.030809
0.010667
0.012014
0.018717
0.034964
0.009498
0.014814
0.012926
0.025984
0.005363
0.032010
0.014309
0.010288
0.023155
0.007753
0.015479
0.007339
0.003771
0.023164
0.014576
0.018362
0.014914
0.024651
0.012966
0.011012
0.019546
0.015123
0.002632
0.007680
0.013637
0.016336
0.012997
0.010941
0.009517
0.012532
0.004266
0.014956
0.020542
0.010187
0.027941
0.021286
0.012345
0.021256
0.007898
0.028688
0.028921
0.012886
0.028535
0.027592
0.019203
0.000185
0.001805
0.005845
0.001840
0.005301
0.013563
0.019600
0.012548
0.017606
0.026426
0.026483
0.018382
0.007976
0.020947
0.026787
0.005258
0.035178
0.019778
0.020574
0.022883
0.003963
0.022576
0.022338
0.008705
0.016724
0.026088
0.024871
0.009348
0.003376
0.070890
0.030578
0.019235
0.044787
0.068148
0.035173
0.051503
0.037930
0.031448
0.000036
0.039363
0.002281
0.004136
0.059012
0.039721
0.051312
0.034879
0.025998
0.025986
0.035431
0.004207
0.002950
0.010849
0.008412
0.017221
0.022290
0.023538
0.016751
0.058309
0.012403
0.026604
0.006191
0.017813
0.005489
0.019151
0.019661
0.039111
0.004259
0.000039
0.018288
0.004710
0.006136
0.035829
0.014531
0.003487
0.029586
0.034944
0.018990
0.024906
0.004407
0.011342
0.010196
0.012756
0.009845
0.026115
0.016751
0.006026
0.009147
0.019168
0.022541
0.010368
0.007050
0.002204
0.011091
0.066447
0.014520
0.024012
0.017425
0.039159
0.013787
0.003454
0.020058
0.004684
0.014433
0.024840
0.007597
0.013064
0.026491
0.005070
0.011399
0.008913
0.013488
0.007399
0.005453
0.009272
0.027325
0.011052
0.013357
0.002662
0.008010
0.000016
0.024621
0.019649
0.007936
0.003814
0.020326
0.003618
0.013918
0.004453
0.018287
0.042113
0.040839
0.029315
0.025985
0.040619
0.060556
0.049662
0.045144
0.016547
0.039639
0.041689
0.051544
0.025838
0.036651
0.032713
0.042202
0.039948
0.056169
0.000041
0.000035