0.014148
0.019169
0.014424
0.014555
0.004858
0.002460
0.007883
0.007810
0.034237
0.019066
0.010659
0.026213
0.007677
0.019189
0.018338
0.004183
0.010885
0.005232
0.009480
0.004521
0.013566
0.012681
0.010828
0.010164
0.013348
0.004701
0.013576
0.007331
0.039282
0.007920
0.004614
0.003941
0.004315
0.003686
0.018868
0.019330
0.017934
0.023949
0.006402
0.012839
0.004989
0.006338
0.005690
0.001920
0.005176
0.005877
0.008771
0.018517
0.014562
0.012379
0.006357
0.004428
0.018707
0.023267
0.029074
0.013337
0.000238
0.014825
0.004938
0.007114
0.011994
0.018114
0.012918
0.006666
0.010005
0.004525
0.017074
0.013001
0.000016
0.013162
0.003065
0.010341
0.010245
0.010497
0.001846
0.016117
0.012216
0.009009
0.017228
0.012351
0.016202
0.007127
0.008164
0.004102
0.006992
0.008736
0.000184
0.026432
0.008782
0.012740
0.005808
0.006208
0.016029
0.008027
0.019174
0.022184
0.002977
0.022839
0.004687
0.015023
0.005373
0.015984
0.015858
0.004553
0.005864
0.009307
0.009745
0.000250
0.013345
0.016607
0.000202
0.005140
0.016273
0.004322
0.013042
0.004528
0.009720
0.000021
0.000218
0.014537
0.017185
0.020279
0.023983
0.006114
0.004771
0.017797
0.003235
0.005834
0.006427
0.005962
0.024099
0.007453
0.004008
0.003546
0.015357
0.010024
0.006802
0.057303
0.012512
0.013564
0.000253
0.028732
0.010883
0.009930
0.022506
0.014756
0.015861
0.014911
0.004396
0.008586
0.015957
0.008413
0.016503
0.004506
0.012924
0.005078
0.022806
0.004326
0.022109
0.004575
0.020319
0.021247
0.003532
0.017340
0.003670
0.012195
0.011616
0.009930
0.011813
0.015848
0.002517
0.005606
0.012171
0.014316
0.017319
0.020430
0.006339
0.009205
0.007321
0.016888
0.007636
0.011856
0.012729
0.010870
0.003978
0.023672
0.017741
0.004316
0.004490
0.005591
0.007360
0.012960
0.000016
0.005268
0.008052
0.023495
0.009085
0.016069
0.010012
0.009475