0.000071
0.025771
0.001437
0.012773
0.025846
0.005840
0.000775
0.013141
0.000088
0.000660
0.000148
0.000622
0.002290
0.000105
0.003061
0.012555
0.001722
0.000264
0.001627
0.000268
0.013804
0.001140
0.000901
0.002366
0.011240
0.000129
0.013959
0.012881
0.002953
0.009313
0.011520
0.012832
0.000195
0.013094
0.000658
0.001554
0.027976
0.012788
0.019291
0.009013
0.016846
0.012970
0.014574
0.001161
0.012969
0.013272
0.000072
0.012323
0.000047
0.000065
0.000128
0.012869
0.012785
0.013027
0.001993
0.023777
0.000047
0.012593
0.012713
0.012819
0.005526
0.014003
0.026842
0.001978
0.008987
0.012882
0.002913
0.010891
0.000056
0.025305
0.000095
0.025484
0.020561
0.012894
0.012710
0.000092
0.009320
0.012820
0.031226
0.002538
0.000114
0.012877
0.000036
0.012795
0.000109
0.019903
0.000891
0.025911
0.000115
0.000882
0.000064
0.008196
0.000078
0.000107
0.001426
0.000079
0.000071
0.000117
0.005405
0.000205
0.005566
0.012559
0.003080
0.020007
0.000145
0.006070
0.000590
0.012943
0.000057
0.005101
0.012975
0.000719
0.000033
0.000160
0.002407
0.017927
0.002523
0.012767
0.012900
0.036869
0.027320
0.004168
0.012781
0.012829
0.010951
0.012856
0.024612
0.025857
0.000069
0.012813
0.000212
0.013015
0.025862
0.025885
0.025910
0.023909
0.012897
0.025312
0.000035
0.000889
0.012009
0.025958
0.012805
0.013014
0.013807
0.005687
0.029886
0.000059
0.038849
0.000737
0.005991
0.009996
0.001938
0.009990
0.000067
0.016801
0.012769
0.007794
0.003062
0.000029
0.009942
0.007890
0.012630
0.012970
0.002865
0.000990
0.025750
0.012826
0.000126
0.013815
0.002818
0.004410
0.004454
0.002651
0.006778
0.013841
0.004863
0.001101
0.016013
0.009906
0.011974
0.000292
0.000097
0.000984
0.000452
0.002784
0.025843
0.000848
0.000154
0.037947
0.004205
0.012917
0.012810
0.000073
0.000451
0.012906
0.012853
0.012697
0.000078
0.012853