0.012983
0.031970
0.012709
0.035713
0.012692
0.012439
0.047902
0.013024
0.012800
0.000246
0.012555
0.000717
0.012753
0.013104
0.036239
0.001679
0.009711
0.031326
0.012923
0.012966
0.002815
0.006758
0.012764
0.000281
0.013688
0.025529
0.000350
0.004758
0.019017
0.007741
0.012480
0.010910
0.010033
0.025106
0.004678
0.026057
0.014060
0.025705
0.004993
0.012695
0.012802
0.012822
0.006791
0.025628
0.000845
0.020675
0.012922
0.013851
0.012594
0.012597
0.013679
0.000225
0.012625
0.018668
0.012732
0.044855
0.012773
0.007450
0.006096
0.012676
0.000849
0.012911
0.000258
0.012749
0.025566
0.012924
0.012647
0.000080
0.012924
0.012628
0.012573
0.012749
0.012827
0.000278
0.007465
0.012961
0.012518
0.012710
0.012667
0.001661
0.013935
0.001715
0.000100
0.013465
0.016917
0.013040
0.013066
0.012783
0.012789
0.005224
0.012842
0.008149
0.018886
0.012671
0.000162
0.025799
0.035684
0.000088
0.012755
0.007900
0.012957
0.013596
0.005729
0.013869
0.000092
0.026856
0.017834
0.000452
0.025757
0.012929
0.022428
0.025653
0.012751
0.013957
0.000126
0.009708
0.000223
0.012910
0.026829
0.012970
0.000181
0.012849
0.013898
0.012786
0.009389
0.000203
0.024770
0.012666
0.013156
0.012888
0.012908
0.009979
0.028026
0.012791
0.021922
0.012936
0.037876
0.000483
0.011725
0.008845
0.025665
0.018111
0.012616
0.002628
0.025898
0.000258
0.012797
0.012496
0.002681
0.013688
0.012821
0.012990
0.024883
0.013375
0.012885
0.012855
0.023946
0.012623
0.012707
0.017974
0.000961
0.019913
0.000151
0.022806
0.015781
0.016846
0.003996
0.012735
0.012748
0.017708
0.012696
0.025720
0.012669
0.025678
0.013616
0.002721
0.000695
0.012673
0.023386
0.016784
0.050559
0.023878
0.024277
0.012652
0.012741
0.012904
0.012679
0.000527
0.000123
0.000085
0.012848
0.020748
0.025985
0.013033
0.012815
0.012906
0.004454
0.013178
0.022364
0.004531