0.000372
0.000016
0.000022
0.000033
0.000013
0.000022
0.000041
0.000009
0.000039
0.000016
0.000039
0.000024
0.000019
0.000016
0.000020
0.000028
0.000035
0.000028
0.000046
0.000028
0.012035
0.000026
0.000032
0.000030
0.000751
0.000038
0.000035
0.000048
0.000138
0.000218
0.000019
0.000044
0.000017
0.004510
0.000038
0.000024
0.000034
0.003037
0.000017
0.000019
0.000037
0.000229
0.000031
0.000009
0.000025
0.000031
0.000240
0.000062
0.000027
0.000080
0.000019
0.000034
0.000030
0.000018
0.000018
0.000034
0.000038
0.000020
0.000241
0.000029
0.000026
0.000172
0.000035
0.000036
0.000030
0.000037
0.000024
0.000026
0.000119
0.000034
0.000035
0.000014
0.000015
0.000023
0.000027
0.000013
0.000011
0.000021
0.000231
0.000031
0.000027
0.000220
0.000034
0.000154
0.000021
0.000015
0.000009
0.000038
0.000046
0.000039
0.018945
0.000034
0.000036
0.000026
0.000033
0.000057
0.000033
0.000824
0.000016
0.000019
0.000027
0.000034
0.000016
0.000055
0.000026
0.000013
0.000216
0.000026
0.000027
0.006021
0.000044
0.012737
0.000025
0.003798
0.000037
0.000239
0.000024
0.000036
0.000044
0.000027
0.000037
0.000542
0.000041
0.000030
0.000027
0.000026
0.000030
0.000224
0.000020
0.000049
0.000469
0.000010
0.000022
0.000038
0.000021
0.000032
0.000027
0.000028
0.000017
0.005149
0.000220
0.000027
0.000023
0.000025
0.000032
0.000231
0.000019
0.000022
0.000022
0.000679
0.000036
0.001402
0.000141
0.000010
0.000025
0.004951
0.000021
0.000023
0.008941
0.000049
0.000011
0.000185
0.000763
0.000027
0.000036
0.000028
0.000015
0.000026
0.000022
0.000025
0.008780
0.000034
0.000043
0.011717
0.000017
0.000033
0.000058
0.000017
0.000014
0.001489
0.004742
0.000030
0.000031
0.000602
0.000025
0.000219
0.000049
0.000063
0.000026
0.000024
0.000027
0.000042
0.000912
0.000024
0.000024
0.000887
0.000015
0.000024
0.000038
0.000032