0.000166
0.001265
0.000159
0.003659
0.000129
0.000035
0.000096
0.000214
0.000125
0.000009
0.008023
0.000075
0.000071
0.000099
0.000931
0.000023
0.000039
0.000196
0.000458
0.000103
0.000018
0.000050
0.000040
0.000201
0.006649
0.000072
0.000078
0.000031
0.000218
0.002343
0.000158
0.000345
0.000021
0.000140
0.000205
0.000102
0.000083
0.000027
0.000031
0.000016
0.001442
0.000133
0.000040
0.000137
0.000064
0.000103
0.000055
0.000089
0.000027
0.000021
0.000045
0.010220
0.011012
0.012726
0.000149
0.000025
0.000086
0.000222
0.000105
0.000186
0.000063
0.023797
0.012780
0.000122
0.000145
0.001049
0.000036
0.000151
0.025929
0.000138
0.000055
0.018871
0.001823
0.012616
0.000048
0.000425
0.000033
0.000841
0.000016
0.000100
0.000092
0.000068
0.000098
0.000123
0.000041
0.000054
0.002040
0.000054
0.009841
0.000968
0.000045
0.000009
0.000056
0.011376
0.000079
0.000058
0.025588
0.000125
0.000086
0.000043
0.000025
0.000017
0.000099
0.024807
0.000096
0.000139
0.000140
0.001900
0.000076
0.012790
0.001635
0.000342
0.012248
0.025543
0.000032
0.000406
0.025777
0.000152
0.007133
0.000036
0.000132
0.000129
0.000172
0.005890
0.000063
0.000061
0.003134
0.000954
0.000042
0.000097
0.000147
0.000012
0.000125
0.000010
0.000233
0.005446
0.000099
0.000156
0.012842
0.000080
0.014602
0.000050
0.000079
0.000092
0.012505
0.000030
0.012738
0.011797
0.000046
0.000024
0.000083
0.000039
0.000065
0.000017
0.007795
0.000071
0.001957
0.000111
0.000094
0.008669
0.002967
0.000023
0.000203
0.001145
0.000049
0.000034
0.000180
0.000162
0.000147
0.033866
0.005248
0.000029
0.000030
0.000041
0.000010
0.000007
0.001912
0.000071
0.000023
0.000065
0.000065
0.000043
0.000051
0.000440
0.000010
0.026996
0.000075
0.000083
0.025860
0.016981
0.000124
0.000059
0.000080
0.000026
0.006299
0.012635
0.000009
0.018861
0.000156
0.000139