0.000027
0.000078
0.000086
0.000038
0.000075
0.000073
0.001535
0.000075
0.000013
0.006536
0.000010
0.000079
0.000014
0.000013
0.000052
0.000732
0.000069
0.000076
0.005866
0.000008
0.000013
0.014716
0.000066
0.000022
0.000053
0.000014
0.000012
0.000008
0.000442
0.000103
0.000014
0.000013
0.000012
0.012976
0.000105
0.000028
0.012989
0.000009
0.012137
0.000009
0.000029
0.000068
0.000046
0.000063
0.000020
0.000047
0.000089
0.000097
0.000014
0.000049
0.000011
0.013025
0.000008
0.000045
0.001811
0.000032
0.009039
0.013008
0.000077
0.000488
0.000009
0.000283
0.000009
0.000008
0.000315
0.012272
0.006904
0.000010
0.000011
0.000087
0.000079
0.000014
0.000033
0.024964
0.000016
0.000044
0.000094
0.000118
0.002075
0.000063
0.015309
0.000052
0.000789
0.000050
0.000023
0.012884
0.000008
0.000018
0.000103
0.012888
0.000024
0.000022
0.002345
0.012715
0.000037
0.000687
0.012183
0.000013
0.000043
0.000070
0.000094
0.000031
0.011740
0.000008
0.009748
0.000052
0.000040
0.000172
0.000096
0.000068
0.000034
0.000015
0.000973
0.012874
0.000060
0.000073
0.000009
0.000087
0.000067
0.012143
0.000037
0.000062
0.000015
0.000013
0.000013
0.000050
0.000032
0.000016
0.006881
0.000013
0.000011
0.006810
0.000077
0.008001
0.000066
0.000008
0.012884
0.000022
0.000094
0.000071
0.000090
0.000018
0.000340
0.000017
0.015823
0.000016
0.012990
0.000034
0.000008
0.000009
0.012943
0.000015
0.000041
0.000021
0.000028
0.000174
0.000008
0.000041
0.000045
0.000028
0.000009
0.012183
0.000044
0.005415
0.000022
0.000060
0.000008
0.000053
0.000047
0.000061
0.000016
0.000076
0.012907
0.000077
0.000062
0.000031
0.000027
0.000051
0.000047
0.000022
0.000018
0.000098
0.022832
0.000008
0.000022
0.006434
0.000015
0.000059
0.000026
0.000013
0.000016
0.000007
0.000438
0.000007
0.000021
0.004438
0.000063
0.000029
0.000078
0.000012