0.022441
0.050851
0.013860
0.013703
0.037503
0.014651
0.020399
0.012783
0.017372
0.038904
0.012917
0.049396
0.037354
0.021562
0.013630
0.014601
0.023117
0.037783
0.011726
0.024800
0.000512
0.018576
0.000377
0.004972
0.012881
0.049804
0.013205
0.009533
0.012622
0.012532
0.014492
0.016982
0.019608
0.028799
0.013383
0.000265
0.012962
0.037876
0.028748
0.013179
0.002229
0.013032
0.013136
0.000296
0.013209
0.026177
0.013494
0.012934
0.032617
0.030953
0.032135
0.033205
0.013080
0.012880
0.031312
0.034037
0.025658
0.035999
0.034949
0.012357
0.006615
0.004483
0.011296
0.013385
0.004382
0.012440
0.036548
0.013572
0.012795
0.006989
0.013682
0.008268
0.007115
0.008257
0.012384
0.006488
0.000884
0.013058
0.000515
0.014047
0.009662
0.012902
0.012929
0.014100
0.002995
0.029626
0.013007
0.014095
0.012686
0.003762
0.013504
0.006687
0.012546
0.028666
0.001533
0.001909
0.020251
0.025541
0.024608
0.026835
0.002079
0.008353
0.012211
0.004887
0.012248
0.008563
0.012974
0.003335
0.013878
0.031843
0.013320
0.012344
0.016559
0.002002
0.012819
0.021233
0.005295
0.021485
0.012158
0.005503
0.009865
0.027271
0.025128
0.000285
0.008551
0.012850
0.013534
0.012536
0.007819
0.012895
0.025911
0.014297
0.012793
0.012545
0.012960
0.013425
0.004047
0.021520
0.000465
0.005315
0.038281
0.012599
0.014379
0.014702
0.012507
0.012028
0.020599
0.012696
0.031764
0.013381
0.025164
0.016020
0.014012
0.012125
0.012776
0.017639
0.025193
0.001956
0.001236
0.013116
0.000422
0.009768
0.022942
0.021781
0.006686
0.013185
0.016486
0.031632
0.007215
0.021289
0.042887
0.006499
0.021396
0.021701
0.012605
0.033998
0.011638
0.004438
0.028009
0.022597
0.020626
0.025217
0.011172
0.013386
0.011651
0.013455
0.013465
0.012657
0.032555
0.009339
0.019444
0.013466
0.017163
0.007130
0.025895
0.013539
0.032873
0.025163
0.023615
0.025719