0.022398
0.002624
0.006560
0.011400
0.000030
0.013486
0.006981
0.010973
0.014131
0.007082
0.002532
0.003428
0.019631
0.012529
0.009471
0.002196
0.013324
0.010439
0.023292
0.012043
0.008293
0.005052
0.025977
0.014926
0.017362
0.019981
0.000025
0.009972
0.012471
0.009328
0.003477
0.004016
0.009798
0.016223
0.008097
0.003041
0.018106
0.014848
0.000026
0.007633
0.000031
0.006504
0.000028
0.005259
0.011738
0.007658
0.011206
0.013008
0.003549
0.011532
0.003093
0.004741
0.011307
0.010431
0.011949
0.014106
0.022361
0.015746
0.008837
0.003996
0.012466
0.005101
0.007994
0.002350
0.021546
0.003821
0.007197
0.023845
0.014242
0.000563
0.013512
0.011960
0.003015
0.013896
0.002226
0.003386
0.010375
0.014072
0.008268
0.033549
0.004085
0.006807
0.000025
0.005887
0.004875
0.003461
0.026155
0.012207
0.014640
0.011716
0.007571
0.010949
0.014397
0.009089
0.005469
0.022733
0.008622
0.008262
0.003508
0.011867
0.012369
0.016957
0.015370
0.004515
0.022187
0.002356
0.014934
0.018382
0.002338
0.022987
0.009936
0.003261
0.010376
0.011188
0.012081
0.024715
0.008088
0.023467
0.010861
0.018789
0.029150
0.004604
0.025096
0.013330
0.003796
0.005629
0.031661
0.022536
0.012489
0.014127
0.020185
0.005392
0.008052
0.010540
0.010541
0.021892
0.013775
0.012246
0.022908
0.014691
0.019794
0.003043
0.007803
0.002820
0.005595
0.019735
0.002005
0.006816
0.015922
0.012444
0.013905
0.002037
0.035778
0.016201
0.001905
0.000040
0.014973
0.063754
0.023131
0.011956
0.028227
0.003760
0.013290
0.006939
0.002804
0.014616
0.014282
0.010845
0.012197
0.006209
0.019124
0.022754
0.007118
0.014746
0.004141
0.026399
0.015151
0.019650
0.014442
0.036569
0.019192
0.009641
0.022195
0.003804
0.011162
0.009647
0.007741
0.008443
0.008604
0.004600
0.016565
0.005362
0.009463
0.019383
0.012466
0.003259
0.003196
0.011623
0.012419
0.014828