0.013569
0.005279
0.001128
0.022172
0.001918
0.020068
0.004338
0.005735
0.017722
0.001063
0.006901
0.001265
0.003110
0.011482
0.013362
0.001366
0.002461
0.002703
0.005308
0.000035
0.014869
0.020775
0.008240
0.023321
0.005946
0.018288
0.002156
0.004289
0.002772
0.006859
0.008107
0.002594
0.010779
0.003978
0.004813
0.020166
0.001854
0.055020
0.004366
0.018411
0.006884
0.021211
0.001543
0.006858
0.000055
0.001129
0.004000
0.007613
0.012570
0.010397
0.000186
0.012286
0.017256
0.014661
0.019592
0.021990
0.022398
0.012168
0.008998
0.020756
0.002266
0.001143
0.020057
0.012513
0.014085
0.004266
0.010503
0.004940
0.011353
0.000015
0.014578
0.007581
0.005181
0.018555
0.005712
0.012203
0.016223
0.002326
0.009790
0.002631
0.017098
0.012074
0.012566
0.009652
0.012263
0.013614
0.003438
0.009414
0.006418
0.004448
0.002730
0.002861
0.002524
0.005448
0.013398
0.003866
0.009090
0.003708
0.002632
0.022403
0.002477
0.012553
0.001437
0.004129
0.002352
0.006367
0.014794
0.011028
0.011054
0.010813
0.004631
0.025013
0.011204
0.004246
0.009690
0.018559
0.012230
0.014432
0.000975
0.000015
0.002853
0.001854
0.012084
0.010523
0.011702
0.001193
0.011504
0.003004
0.014148
0.013400
0.002862
0.034971
0.000094
0.006196
0.011253
0.007172
0.008659
0.014882
0.009404
0.012415
0.005085
0.010409
0.008495
0.003465
0.000023
0.000240
0.009549
0.000017
0.010375
0.001231
0.009707
0.011023
0.002215
0.029334
0.005837
0.001918
0.022675
0.013710
0.008593
0.002821
0.012117
0.025622
0.001480
0.018048
0.028143
0.011835
0.005613
0.010074
0.005619
0.010598
0.007788
0.002661
0.002945
0.002060
0.011430
0.007006
0.007414
0.000015
0.006926
0.021514
0.007337
0.012655
0.004611
0.011884
0.013058
0.012617
0.004602
0.014178
0.004613
0.000013
0.008172
0.011231
0.002234
0.013214
0.010611
0.002187
0.000188
0.005166
0.003784
0.003458