0.008818
0.002980
0.000225
0.000705
0.001154
0.010523
0.002609
0.011134
0.006378
0.000019
0.007968
0.011290
0.006073
0.001776
0.010773
0.008790
0.009150
0.001388
0.009884
0.001137
0.002454
0.032618
0.000031
0.001730
0.001242
0.013048
0.009068
0.003088
0.002027
0.009957
0.017314
0.006797
0.002995
0.001401
0.001571
0.009679
0.001654
0.011918
0.017480
0.018210
0.000025
0.009713
0.017594
0.001546
0.002864
0.017483
0.010242
0.000008
0.001561
0.018322
0.008544
0.009073
0.001634
0.006131
0.014745
0.000537
0.009980
0.015063
0.011365
0.000022
0.009865
0.008852
0.000010
0.010127
0.003608
0.017120
0.000851
0.011584
0.000897
0.006120
0.009643
0.004412
0.002133
0.017114
0.001106
0.012195
0.027548
0.009466
0.002683
0.011214
0.002606
0.002541
0.001655
0.014561
0.001259
0.002480
0.009001
0.005472
0.001530
0.001353
0.001972
0.008543
0.008687
0.008683
0.006618
0.001330
0.001601
0.001903
0.008559
0.002048
0.011161
0.001831
0.001370
0.010092
0.000567
0.003904
0.008522
0.001039
0.000985
0.002250
0.014673
0.000702
0.016274
0.010402
0.002891
0.006458
0.009291
0.004798
0.010662
0.018887
0.012007
0.009978
0.011320
0.009525
0.002334
0.002257
0.013366
0.017250
0.002211
0.001631
0.000759
0.001307
0.008450
0.002486
0.000008
0.001811
0.001050
0.016955
0.001827
0.001543
0.003095
0.017487
0.002261
0.008141
0.002756
0.002051
0.001157
0.001388
0.014702
0.020437
0.001202
0.000853
0.019339
0.004440
0.011179
0.004326
0.002149
0.006952
0.010162
0.004057
0.001128
0.011100
0.004909
0.015388
0.008581
0.009317
0.000574
0.001936
0.012943
0.015787
0.002203
0.001570
0.001061
0.000777
0.001417
0.001793
0.002035
0.010825
0.005824
0.000992
0.013272
0.026593
0.001072
0.011259
0.001770
0.010023
0.002319
0.008068
0.017596
0.007619
0.010615
0.002011
0.001261
0.000664
0.002184
0.009068
0.010604
0.001626
0.002643
0.002508