0.013133
0.008635
0.012613
0.000128
0.013270
0.000008
0.011449
0.012489
0.000112
0.000010
0.008263
0.000009
0.000157
0.000174
0.005358
0.018021
0.011166
0.000073
0.024978
0.003068
0.013708
0.000008
0.008819
0.000281
0.000223
0.004198
0.012883
0.000182
0.000105
0.012756
0.008172
0.014072
0.000018
0.000164
0.001356
0.012224
0.000131
0.012309
0.000017
0.000129
0.000063
0.000024
0.000160
0.000220
0.000982
0.000008
0.000225
0.001187
0.000085
0.009546
0.000010
0.023690
0.000008
0.017240
0.001053
0.000336
0.000029
0.005083
0.005526
0.000217
0.007855
0.000009
0.005076
0.000120
0.000169
0.004551
0.000304
0.012502
0.000219
0.017282
0.017873
0.000009
0.000166
0.000008
0.012772
0.000179
0.001939
0.000061
0.000175
0.000235
0.000290
0.003914
0.000081
0.000009
0.003759
0.000266
0.008486
0.000249
0.000010
0.000154
0.024727
0.000060
0.000120
0.000200
0.000008
0.006781
0.000086
0.005890
0.000262
0.000351
0.000068
0.000016
0.000095
0.012807
0.012827
0.000048
0.000017
0.002549
0.000170
0.012180
0.001338
0.000038
0.000008
0.000168
0.000152
0.014485
0.012562
0.005086
0.003087
0.007400
0.012595
0.002769
0.000212
0.022920
0.011768
0.000008
0.000019
0.013153
0.000007
0.000122
0.023795
0.011807
0.000009
0.000231
0.000008
0.000798
0.011924
0.002424
0.000281
0.000280
0.003393
0.003872
0.011132
0.011045
0.001002
0.000191
0.000061
0.000016
0.005977
0.000295
0.000740
0.000123
0.000008
0.000105
0.000125
0.000008
0.000264
0.000090
0.000415
0.002572
0.013016
0.012418
0.000186
0.003447
0.000103
0.012503
0.013075
0.000009
0.000024
0.008138
0.000236
0.000116
0.000093
0.037150
0.001399
0.008085
0.000011
0.000008
0.000018
0.000262
0.000116
0.000150
0.000111
0.012274
0.025455
0.000011
0.022514
0.000135
0.010182
0.000009
0.000134
0.000376
0.012883
0.000094
0.000017
0.000209
0.000175
0.000210
0.000009
0.012643