0.00017
0.000144
0.005036
0.000147
0.000252
0.000184
0.00023
0.000217
0.000155
0.000174
0.000098
0.000126
0.000157
0.000131
0.000199
0.000125
0.000119
0.000136
0.000145
0.000111
0.000096
0.000119
0.000151
0.000137
0.000129
0.000111
0.000128
0.000154
0.000138
0.000141
0.000136
0.000127
0.00012
0.000127
0.000159
0.000118
0.000156
0.000192
0.000159
0.000156
0.012966
0.000127
0.000117
0.000174
0.004975
0.00965
0.0001
0.000173
0.012921
0.013961
0.000153
0.000116
0.000095
0.000108
0.00013
0.000135
0.000139
0.000156
0.000126
0.000177
0.000132
0.00015
0.000099
0.000165
0.000092
0.000096
0.000133
0.000095
0.00012
0.000121
0.00016
0.000111
0.000097
0.000146
0.000086
0.000119
0.000101
0.000121
0.000102
0.000143
0.017302
0.020967
0.000144
0.019342
0.000127
0.000269
0.000118
0.001937
0.000092
0.000132
0.000105
0.000112
0.00013
0.000158
0.00016
0.000165
0.000117
0.000123
0.000115
0.000104
0.000136
0.000086
0.000094
0.000126
0.000108
0.000108
0.000135
0.000098
0.000162
0.000108
0.000103
0.00011
0.000167
0.000136
0.00016
0.00014
0.000116
0.000143
0.000095
0.000124
0.00016
0.00011
0.000184
0.000115
0.013432
0.000149
0.000172
0.000128
0.012829
0.000175
0.000106
0.000104
0.000106
0.0001
0.000149
0.000173
0.000126
0.0001
0.000101
0.000121
0.00012
0.000103
0.000131
0.000182
0.000149
0.000119
0.000093
0.000129
0.000138
0.000105
0.000164
0.00012
0.000125
0.000126
0.000195
0.000094
0.000103
0.000135
0.000103
0.0001
0.012893
0.000166
0.000149
0.000127
0.000147
0.000158
0.000168
0.000244
0.000118
0.00011
0.000174
0.000084
0.000151
0.00011
0.000108
0.000128
0.000134
0.00016
0.00012
0.00012
0.000114
0.000158
0.000145
0.000132
0.000126
0.000089
0.000114
0.000135
0.000118
0.000129
0.000174
0.000179
0.000133
0.000132
0.000124
0.000165
0.0001
0.000129
0.000141
0.000104
