0.000283
0.0003
0.000208
0.000111
0.000116
0.00014
0.000508
0.000245
0.000173
0.000233
0.000231
0.000229
0.000186
0.00018
0.00022
0.000119
0.000152
0.000205
0.000111
0.000211
0.000265
0.000165
0.000126
0.000188
0.000279
0.000258
0.000199
0.000236
0.000153
0.000196
0.00013
0.000242
0.000191
0.000191
0.000165
0.000279
0.000106
0.000167
0.00018
0.000146
0.000262
0.000211
0.000113
0.000115
0.000174
0.000171
0.000141
0.000112
0.000114
0.000163
0.000248
0.000182
0.000243
0.000192
0.00015
0.000191
0.000205
0.000148
0.000155
0.000105
0.00019
0.000148
0.000206
0.000133
0.000174
0.000205
0.000141
0.000149
0.00021
0.000123
0.000191
0.000232
0.000139
0.000224
0.000111
0.000233
0.00018
0.000124
0.000193
0.000179
0.000225
0.000202
0.000212
0.000102
0.000161
0.00016
0.000172
0.000126
0.000127
0.000136
0.000238
0.000178
0.000227
0.000221
0.000232
0.000206
0.000197
0.00013
0.000164
0.000132
0.000147
0.000146
0.000182
0.00012
0.000266
0.000147
0.000245
0.000112
0.000145
0.000286
0.00021
0.000119
0.000175
0.000173
0.000154
0.000183
0.000146
0.000114
0.000296
0.000223
0.000239
0.000243
0.000113
0.000197
0.000127
0.000132
0.000227
0.000185
0.000189
0.000116
0.000226
0.000157
0.00015
0.000202
0.000143
0.000202
0.000261
0.000269
0.000269
0.000252
0.000118
0.000222
0.000196
0.00016
0.000154
0.000122
0.000195
0.000236
0.000182
0.000117
0.0002
0.000127
0.00023
0.000136
0.000151
0.000105
0.000126
0.000232
0.000186
0.000137
0.000246
0.000113
0.000157
0.000235
0.000198
0.000222
0.000107
0.000184
0.000173
0.000164
0.000184
0.000179
0.000166
0.000132
0.000215
0.000212
0.000259
0.000207
0.000252
0.000238
0.00012
0.0002
0.000157
0.000182
0.000246
0.000113
0.000125
0.000185
0.000162
0.000183
0.000179
0.000224
0.000155
0.00012
0.0002
0.000109
0.0002
0.000184
0.000253
0.000192
