0.000064
0.008116
0.008182
0.000296
0.00805
0.008334
0.000062
0.008049
0.004286
0.008032
0.001159
0.000088
0.000014
0.000072
0.00005
0.000109
0.000109
0.000043
0.000096
0.000026
0.012885
0.012327
0.012703
0.020856
0.02598
0.012706
0.032121
0.025799
0.02597
0.030889
0.00007
0.00007
0.000023
0.000032
0.000028
0.000166
0.000058
0.000015
0.000412
0.000054
0.000074
0.000056
0.000051
0.00044
0.000279
0.000075
0.000073
0.000071
0.000077
0.000073
0.000377
0.007821
0.000049
0.008114
0.000715
0.008052
0.007945
0.000244
0.000281
0.008011
0.000153
0.000044
0.000068
0.000262
0.000016
0.000028
0.0001
0.000024
0.000062
0.000069
0.000054
0.000518
0.000048
0.000118
0.000072
0.000281
0.000029
0.000295
0.000026
0.000305
0.000669
0.000038
0.006251
0.008066
0.000024
0.008067
0.000028
0.000513
0.000037
0.000644
0.000052
0.000068
0.000074
0.000074
0.000079
0.000043
0.000388
0.01256
0.000036
0.000066
0.007307
0.012852
0.025964
0.025823
0.01252
0.025646
0.025971
0.01937
0.025963
0.016603
0.01234
0.000037
0.007452
0.000562
0.000014
0.000324
0.000052
0.00004
0.000031
0.000023
0.000081
0.000034
0.000015
0.00003
0.000291
0.000249
0.000016
0.000036
0.00026
0.000137
0.000075
0.000068
0.000091
0.000088
0.000187
0.000336
0.000043
0.000109
0.000058
0.00005
0.000951
0.000912
0.008447
0.000888
0.000016
0.000077
0.000921
0.000035
0.000564
0.008623
0.000047
0.002653
0.000078
0.007881
0.007962
0.001781
0.007708
0.000023
0.008162
0.000055
0.002947
0.000042
0.000017
0.000014
0.000018
0.000026
0.000669
0.000093
0.000019
0.000026
0.024984
0.008108
0.012688
0.034874
0.037443
0.025664
0.024677
0.012672
0.012869
0.024491
0.00004
0.000016
0.013116
0.000014
0.000804
0.000028
0.000031
0.00002
0.000022
0.000059
0.000048
0.000093
0.00002
0.000144
0.000069
0.000042
0.000026
0.000029
0.00002
0.000058
