0.000086
0.000081
0.000073
0.012988
0.000096
0.000074
0.000081
0.000067
0.000094
0.000077
0.052045
0.065996
0.049118
0.065857
0.09229
0.038077
0.027985
0.054332
0.063006
0.069042
0.000093
0.000082
0.000075
0.000095
0.000099
0.000147
0.000074
0.000101
0.000075
0.000142
0.045922
0.040008
0.020031
0.044425
0.027707
0.036097
0.004242
0.041079
0.030566
0.039023
0.000111
0.000074
0.007928
0.000057
0.000117
0.000138
0.00056
0.000073
0.00012
0.000064
0.000153
0.000077
0.00007
0.000068
0.000066
0.000067
0.00008
0.000075
0.000072
0.00007
0.000056
0.000099
0.000092
0.000081
0.000062
0.000122
0.000108
0.000118
0.000073
0.000089
0.026991
0.041026
0.014159
0.038043
0.031182
0.04388
0.021824
0.014031
0.0366
0.015225
0.000067
0.013031
0.00008
0.000082
0.000105
0.000083
0.000091
0.000063
0.000098
0.000086
0.043584
0.084339
0.019342
0.030789
0.041184
0.069085
0.013436
0.042501
0.048999
0.034016
0.000078
0.00006
0.00008
0.000076
0.000069
0.000065
0.000083
0.000069
0.000094
0.000064
0.016109
0.013038
0.051686
0.022035
0.036353
0.037072
0.018559
0.034326
0.041068
0.053859
0.000054
0.000092
0.000063
0.000054
0.000067
0.000076
0.000087
0.000064
0.000085
0.00007
0.000084
0.000068
0.000075
0.00006
0.000086
0.000076
0.000151
0.000107
0.000091
0.000066
0.070149
0.05905
0.046098
0.031109
0.020046
0.056032
0.078345
0.068113
0.064471
0.063515
0.000075
0.000098
0.000106
0.000062
0.000085
0.00007
0.000064
0.000063
0.000111
0.000106
0.020216
0.045066
0.036999
0.013029
0.028299
0.032962
0.01021
0.010564
0.017048
0.018091
0.000073
0.000073
0.000083
0.000098
0.000074
0.00008
0.000073
0.000064
0.000071
0.000072
0.000078
0.000101
0.000064
0.00007
0.000077
0.000066
0.000079
0.000083
0.000099
0.000076
0.036801
0.056898
0.061719
0.03457
0.073046
0.06
0.041147
0.036084
0.037038
0.055967
