0.000089
0.000088
0.000083
0.000079
0.000122
0.000063
0.000076
0.000071
0.000073
0.000076
0.002047
0.000011
0.021994
0.013994
0.000012
0.005031
0.027988
0.010072
0.025925
0.008962
0.000083
0.000066
0.000129
0.000049
0.000084
0.000082
0.00007
0.011293
0.000071
0.000069
0.000062
0.000083
0.000059
0.000103
0.000095
0.000093
0.000063
0.0001
0.000099
0.000109
0.024997
0.000012
0.028987
0.015982
0.000009
0.00001
0.000011
0.029037
0.000012
0.038843
0.00008
0.000081
0.000067
0.000083
0.000065
0.000073
0.000084
0.000061
0.000112
0.000094
0.000055
0.000084
0.000068
0.000065
0.00008
0.000095
0.000097
0.000109
0.000081
0.000065
0.026996
0.009313
0.004013
0.000394
0.000011
0.051
0.024883
0.000015
0.027872
0.020839
0.000105
0.000073
0.000069
0.000088
0.000062
0.000053
0.000049
0.000082
0.000096
0.000096
0.000013
0.01598
0.000011
0.000012
0.000012
0.00104
0.000011
0.024918
0.000012
0.00001
0.000084
0.000081
0.000078
0.000071
0.000062
0.000066
0.000085
0.00008
0.000061
0.000083
0.000082
0.000074
0.000074
0.000048
0.000051
0.000076
0.000098
0.000062
0.000075
0.000062
0.00006
0.000084
0.000105
0.000082
0.000107
0.000115
0.000117
0.00007
0.000117
0.000104
0.018872
0.000013
0.032418
0.000013
0.021945
0.000016
0.003677
0.000011
0.000012
0.003099
0.00006
0.000065
0.000068
0.000089
0.000086
0.000085
0.000073
0.000074
0.000072
0.000066
0.000095
0.00009
0.000073
0.000064
0.000091
0.000086
0.000066
0.000086
0.000081
0.000082
0.000013
0.00001
0.024248
0.00001
0.030918
0.054894
0.011844
0.050273
0.000011
0.000009
0.000075
0.000075
0.000087
0.000087
0.000074
0.00007
0.000069
0.000089
0.000063
0.000095
0.000059
0.000077
0.000073
0.000087
0.000096
0.000111
0.000073
0.000074
0.000074
0.000096
0.003022
0.000011
0.005531
0.000012
0.005078
0.031024
0.002034
0.000012
0.006904
0.024043
