0.000136
0.000142
0.00014
0.00015
0.000156
0.000108
0.000132
0.000115
0.000178
0.000084
0.000188
0.000148
0.000128
0.000128
0.000129
0.000123
0.000175
0.000084
0.000125
0.000094
0.000147
0.000127
0.000297
0.000178
0.000166
0.000161
0.000192
0.000135
0.000062
0.000141
0.000149
0.00019
0.000107
0.012958
0.000275
0.000126
0.000128
0.000084
0.008542
0.000085
0.000115
0.000122
0.000084
0.000084
0.000085
0.00017
0.00011
0.000126
0.00011
0.000097
0.000103
0.000152
0.0001
0.000161
0.000098
0.000121
0.000104
0.000108
0.000158
0.000108
0.000137
0.000099
0.000153
0.000204
0.000129
0.000104
0.000166
0.000118
0.00018
0.000106
0.000208
0.000146
0.000118
0.000168
0.000116
0.00013
0.000105
0.000132
0.00018
0.000148
0.000132
0.000165
0.00012
0.000009
0.000126
0.000118
0.000207
0.000124
0.000072
0.000084
0.000202
0.000145
0.000137
0.00011
0.000198
0.000129
0.000226
0.000085
0.000087
0.0001
0.00004
0.000044
0.000089
0.000139
0.000136
0.000096
0.000108
0.000134
0.000091
0.000118
0.000093
0.000067
0.000081
0.000078
0.000101
0.000097
0.000184
0.000107
0.000088
0.000158
0.000132
0.000132
0.000164
0.000135
0.00008
0.000086
0.000153
0.000108
0.000102
0.000159
0.003026
0.000093
0.0001
0.000139
0.000033
0.000113
0.000178
0.000019
0.000121
0.000093
0.00011
0.000143
0.000098
0.000131
0.000153
0.000203
0.000067
0.00011
0.000228
0.000111
0.000102
0.000066
0.000097
0.000013
0.00014
0.000167
0.000114
0.004116
0.000235
0.00016
0.000125
0.000037
0.000117
0.000087
0.000151
0.000169
0.000082
0.000092
0.000123
0.000128
0.000147
0.00017
0.000164
0.000166
0.000088
0.00011
0.000133
0.000156
0.00016
0.000144
0.000142
0.000146
0.000113
0.00013
0.000164
0.000126
0.000133
0.00013
0.000085
0.000105
0.000129
0.000163
0.000108
0.000145
0.000134
0.000177
0.000166
0.000156
0.000109
0.000158
