0.024423
0.00943
0.019582
0.039701
0.027546
0.027251
0.006671
0.029553
0.025805
0.021566
0.005965
0.000284
0.000066
0.000029
0.000064
0.000071
0.000048
0.000024
0.000036
0.000037
0.009803
0.000408
0.000053
0.000053
0.00011
0.000029
0.000046
0.000028
0.00013
0.000085
0.000072
0.013014
0.000269
0.000153
0.000971
0.008075
0.000023
0.000022
0.000022
0.000031
0.000026
0.000034
0.000177
0.000047
0.000052
0.000053
0.000014
0.000019
0.000036
0.000279
0.000265
0.000087
0.000046
0.000016
0.000082
0.000041
0.000038
0.000035
0.00005
0.000035
0.008056
0.000033
0.000051
0.000028
0.008241
0.008143
0.000018
0.000464
0.000033
0.000029
0.000051
0.000048
0.000034
0.000094
0.000039
0.000044
0.00022
0.007549
0.000073
0.000051
0.008848
0.000046
0.003834
0.000086
0.00008
0.022963
0.00007
0.00009
0.007789
0.000033
0.042176
0.025978
0.017176
0.017939
0.026584
0.023978
0.005206
0.026921
0.054981
0.019056
0.000047
0.000312
0.008222
0.000036
0.007838
0.000047
0.000271
0.000043
0.000031
0.000023
0.000088
0.000051
0.000028
0.000048
0.000038
0.000284
0.000062
0.000064
0.00002
0.000074
0.02172
0.000021
0.014963
0.040586
0.021918
0.026019
0.032381
0.027964
0.039584
0.00902
0.012154
0.012705
0.000061
0.000024
0.000019
0.000045
0.000528
0.000034
0.000069
0.000058
0.000086
0.000093
0.00006
0.000021
0.000046
0.000045
0.000058
0.000055
0.000048
0.000058
0.0003
0.000313
0.000267
0.000049
0.00003
0.000033
0.000456
0.00005
0.000023
0.000085
0.007994
0.000294
0.00052
0.000052
0.007419
0.003015
0.000023
0.013217
0.000017
0.000249
0.000023
0.000059
0.000112
0.0001
0.000059
0.000011
0.000047
0.000022
0.000053
0.024876
0.023919
0.028824
0.035869
0.000017
0.025755
0.03071
0.020911
0.025834
0.019685
0.020151
0.000042
0.000025
0.000093
0.000164
0.000055
0.000028
0.000069
0.000053
0.000046
0.000153
