0.000173
0.000166
0.000272
0.000312
0.000283
0.00026
0.000191
0.000115
0.000113
0.000116
0.000041
0.000272
0.000403
0.000228
0.000271
0.000214
0.00009
0.00019
0.000136
0.000113
0.000183
0.000146
0.000245
0.000149
0.000348
0.0003
0.000288
0.000122
0.000047
0.000206
0.000088
0.000174
0.000331
0.000192
0.000268
0.000158
0.000209
0.000561
0.000201
0.000247
0.000228
0.000297
0.000262
0.000071
0.000303
0.000288
0.000176
0.000321
0.000099
0.000271
0.000273
0.000265
0.000198
0.000236
0.000173
0.00014
0.000256
0.00025
0.000092
0.000158
0.000151
0.000075
0.000277
0.000164
0.000044
0.000209
0.000042
0.000101
0.000061
0.000163
0.000059
0.000258
0.000346
0.000176
0.000131
0.000106
0.000162
0.000114
0.000132
0.000231
0.000067
0.000194
0.000272
0.000193
0.000071
0.000207
0.000152
0.00025
0.000119
0.000114
0.000046
0.000235
0.000242
0.000105
0.000096
0.000177
0.000179
0.000171
0.000062
0.000267
0.000111
0.000145
0.000229
0.000222
0.00018
0.000343
0.000164
0.0002
0.000328
0.000286
0.000148
0.000263
0.000193
0.000248
0.000267
0.000252
0.000138
0.000106
0.000192
0.000258
0.00027
0.000392
0.000096
0.000219
0.000324
0.000179
0.000294
0.000112
0.000229
0.00028
0.000155
0.000178
0.000082
0.000278
0.00021
0.000232
0.000175
0.000275
0.000132
0.000129
0.000118
0.000265
0.000326
0.000096
0.000256
0.000163
0.000204
0.000162
0.000218
0.000259
0.000187
0.000148
0.000296
0.000279
0.000126
0.000211
0.000152
0.000182
0.000292
0.000293
0.000094
0.000256
0.000138
0.000255
0.000247
0.000294
0.00026
0.000242
0.00034
0.000241
0.000204
0.000281
0.000393
0.000266
0.00024
0.00024
0.000133
0.000194
0.00011
0.000145
0.000264
0.000286
0.000353
0.000169
0.000146
0.000215
0.000416
0.000269
0.000198
0.00025
0.000208
0.000303
0.000223
0.000246
0.00013
0.000083
0.000235
0.000143
0.000124
0.00015
