0.000043
0.000062
0.006823
0.000025
0.000336
0.000063
0.001178
0.000027
0.000359
0.010869
0.006322
0.007318
0.006236
0.002124
0.023189
0.000081
0.001341
0.009352
0.000027
0.000360
0.000062
0.000045
0.003997
0.000040
0.002935
0.000083
0.000036
0.000058
0.000996
0.003043
0.000069
0.000028
0.000039
0.016909
0.012853
0.000035
0.012312
0.000387
0.003880
0.000788
0.000849
0.000087
0.000033
0.000019
0.009332
0.000948
0.000465
0.000077
0.019976
0.008212
0.012550
0.022744
0.051400
0.000055
0.010632
0.000049
0.011680
0.000033
0.012362
0.001221
0.000921
0.012823
0.019330
0.000849
0.000127
0.006984
0.014639
0.000042
0.000201
0.012985
0.000300
0.000311
0.012995
0.000023
0.001766
0.016954
0.010512
0.007597
0.007943
0.013015
0.000626
0.000019
0.012886
0.003813
0.025854
0.001081
0.005289
0.000190
0.000779
0.012921
0.012744
0.001539
0.025870
0.000039
0.000016
0.008046
0.000050
0.019986
0.000050
0.000057
0.000048
0.012876
0.012918
0.022030
0.025855
0.000525
0.010757
0.001007
0.009945
0.004272
0.012846
0.000019
0.001168
0.000046
0.000032
0.011564
0.000521
0.000258
0.012889
0.000426
0.000045
0.000029
0.001225
0.000105
0.000066
0.000030
0.014988
0.000041
0.000064
0.000042
0.000068
0.012162
0.016823
0.004609
0.003106
0.023883
0.000031
0.011910
0.012904
0.000215
0.025873
0.012886
0.000022
0.012612
0.017475
0.000058
0.000038
0.012700
0.026842
0.013062
0.012677
0.011379
0.023992
0.021598
0.009178
0.000060
0.000037
0.012896
0.000017
0.012683
0.000140
0.000191
0.003063
0.000027
0.000048
0.025937
0.012192
0.012906
0.013046
0.000068
0.012612
0.000072
0.025087
0.024948
0.014016
0.005216
0.000238
0.012919
0.000516
0.025493
0.001435
0.013081
0.000028
0.004739
0.006793
0.000424
0.005333
0.012904
0.000092
0.000057
0.012228
0.000044
0.000677
0.003007
0.006187
0.001006
0.000134
0.002745
0.000239
0.000617