0.000042
0.000014
0.000044
0.000481
0.000030
0.000100
0.000018
0.001208
0.000067
0.000059
0.024924
0.001867
0.000021
0.003347
0.010420
0.000053
0.000211
0.000038
0.004130
0.000026
0.000038
0.000046
0.000017
0.000017
0.005350
0.012852
0.012908
0.006426
0.000269
0.015933
0.000019
0.007934
0.000012
0.004429
0.000028
0.000244
0.000060
0.000026
0.000197
0.012446
0.000017
0.000151
0.000057
0.000021
0.000046
0.014450
0.000023
0.000459
0.012912
0.000057
0.016766
0.000053
0.012885
0.012476
0.007096
0.000039
0.003181
0.001983
0.000672
0.022747
0.000025
0.000017
0.007911
0.001013
0.000048
0.000014
0.000016
0.018633
0.000054
0.000013
0.000632
0.000042
0.012641
0.000021
0.000033
0.000046
0.000017
0.000874
0.000195
0.000228
0.000033
0.013494
0.000019
0.004931
0.000036
0.000013
0.000027
0.000023
0.007760
0.000387
0.000031
0.000203
0.000018
0.005121
0.001215
0.000034
0.013850
0.012200
0.000335
0.000216
0.007732
0.000431
0.000071
0.000339
0.026720
0.000059
0.000012
0.012923
0.000026
0.022204
0.012942
0.012909
0.000536
0.022588
0.012923
0.000133
0.000037
0.012559
0.000011
0.000202
0.006166
0.000032
0.001790
0.005916
0.001896
0.009541
0.001311
0.000031
0.000064
0.000044
0.000032
0.006987
0.000041
0.000012
0.000427
0.000045
0.000028
0.000199
0.009009
0.000037
0.000013
0.008020
0.000220
0.017964
0.018902
0.000029
0.012971
0.000029
0.000671
0.012908
0.012983
0.000550
0.000049
0.000022
0.000060
0.000035
0.020900
0.012897
0.000038
0.000048
0.000017
0.012839
0.025962
0.012911
0.000014
0.000224
0.000016
0.000016
0.000027
0.000018
0.004007
0.000041
0.020995
0.000187
0.003151
0.000047
0.000047
0.000041
0.000047
0.000031
0.000093
0.000287
0.005111
0.001925
0.000253
0.012920
0.011800
0.004740
0.000038
0.000012
0.000214
0.000226
0.002821
0.000029
0.000018
0.000774
0.000032
0.006174
0.004020
0.000019