0.000012
0.000017
0.000762
0.000011
0.000030
0.000033
0.000209
0.000020
0.000566
0.000020
0.000020
0.000026
0.000025
0.000255
0.000015
0.000159
0.000016
0.000010
0.000034
0.000153
0.000010
0.000037
0.000010
0.000027
0.000011
0.005023
0.000010
0.000160
0.000014
0.000014
0.000094
0.000044
0.000015
0.000026
0.000749
0.000047
0.000025
0.000032
0.000047
0.000037
0.000010
0.000355
0.000013
0.000028
0.000014
0.000427
0.007276
0.000217
0.000028
0.000012
0.000029
0.010718
0.000012
0.000178
0.000013
0.000031
0.000061
0.000054
0.000048
0.000012
0.000017
0.025150
0.002469
0.000035
0.000014
0.000226
0.019983
0.000026
0.000234
0.000028
0.000958
0.000042
0.000011
0.000273
0.000010
0.013999
0.000232
0.000024
0.004837
0.000022
0.000431
0.000015
0.000042
0.000024
0.000032
0.000186
0.000037
0.000029
0.000010
0.000060
0.000037
0.000193
0.000012
0.000013
0.004358
0.000024
0.000236
0.000012
0.000019
0.000010
0.000203
0.000016
0.000795
0.000013
0.000014
0.000035
0.002149
0.007157
0.000022
0.000023
0.000056
0.000022
0.000042
0.000071
0.000232
0.000020
0.000019
0.000012
0.000009
0.000019
0.000031
0.000318
0.000034
0.000011
0.000915
0.000019
0.000346
0.000016
0.000059
0.000029
0.000019
0.014016
0.000018
0.000035
0.000009
0.000029
0.000235
0.000009
0.000211
0.000019
0.000031
0.000232
0.000241
0.000221
0.000021
0.000031
0.000011
0.000012
0.000025
0.000301
0.000033
0.000013
0.000032
0.001426
0.000302
0.000044
0.000026
0.000012
0.001053
0.000026
0.023871
0.000012
0.000017
0.000028
0.000024
0.000010
0.000011
0.000153
0.000025
0.000020
0.000013
0.000032
0.000052
0.000029
0.000020
0.000029
0.000011
0.000201
0.000031
0.000014
0.000022
0.000035
0.000048
0.000009
0.000035
0.000179
0.000017
0.000019
0.000022
0.000023
0.000435
0.000014
0.000437
0.000192
0.007767
0.000028
0.000029
0.000017
0.000012
0.000019