0.000302
0.000096
0.012602
0.012688
0.000012
0.000011
0.000167
0.000019
0.000117
0.000010
0.000015
0.000013
0.000192
0.000013
0.000013
0.012421
0.012800
0.000011
0.000008
0.013905
0.000111
0.000088
0.000150
0.000048
0.000238
0.000235
0.000233
0.000049
0.001185
0.000069
0.000026
0.000269
0.000009
0.012920
0.000028
0.000766
0.000010
0.000179
0.000034
0.025032
0.013149
0.000017
0.000009
0.000369
0.000487
0.000152
0.000062
0.000028
0.000009
0.000214
0.000982
0.000430
0.000009
0.000148
0.000641
0.000011
0.000169
0.000025
0.013487
0.000253
0.000175
0.000091
0.000175
0.000279
0.000274
0.000263
0.000142
0.000196
0.000011
0.000025
0.000013
0.000308
0.000380
0.000037
0.000057
0.000023
0.000289
0.000020
0.000017
0.000141
0.003921
0.000011
0.000286
0.000293
0.000012
0.000295
0.000325
0.000009
0.002922
0.025547
0.000069
0.000320
0.000014
0.012839
0.004734
0.000241
0.000327
0.000129
0.000160
0.000198
0.000218
0.000432
0.000933
0.000204
0.001441
0.000264
0.002131
0.012445
0.000025
0.000196
0.000137
0.000132
0.009605
0.000009
0.000033
0.000907
0.010006
0.000102
0.000345
0.000232
0.000009
0.000010
0.000331
0.000310
0.000016
0.012392
0.000013
0.000422
0.000029
0.000738
0.000436
0.000020
0.000009
0.000009
0.000016
0.000159
0.002567
0.000322
0.000022
0.000021
0.010023
0.000036
0.000057
0.000177
0.000055
0.000060
0.000041
0.000062
0.000009
0.000114
0.000042
0.013684
0.000152
0.000124
0.000122
0.000054
0.000022
0.000066
0.000025
0.000196
0.000111
0.000077
0.000009
0.000057
0.000240
0.000433
0.000010
0.000011
0.000323
0.000010
0.000056
0.000026
0.000019
0.000069
0.000045
0.000027
0.000018
0.000117
0.000009
0.000008
0.000374
0.000418
0.000284
0.000025
0.000009
0.000265
0.000093
0.012120
0.000285
0.000192
0.000010
0.000018
0.000130
0.000392
0.000009
0.000137
0.000324
0.000010
0.000338
0.000054