0.000025
0.000047
0.000403
0.000044
0.005032
0.000019
0.000008
0.000667
0.003622
0.000028
0.000017
0.000028
0.000203
0.000007
0.010196
0.000208
0.000266
0.000251
0.000098
0.000026
0.000388
0.006416
0.000415
0.000030
0.000013
0.000225
0.000019
0.023896
0.000011
0.000018
0.000033
0.000011
0.000051
0.000161
0.001003
0.012839
0.000012
0.000011
0.000524
0.000045
0.000072
0.000009
0.000024
0.000543
0.025562
0.009678
0.010063
0.000026
0.000008
0.001420
0.000017
0.000037
0.000024
0.000017
0.000012
0.008526
0.000411
0.000007
0.000024
0.003448
0.000027
0.000654
0.000007
0.002320
0.012880
0.000018
0.000008
0.000059
0.012800
0.000030
0.000022
0.000034
0.000025
0.007281
0.000020
0.003179
0.000023
0.012035
0.000053
0.012158
0.000016
0.000010
0.000370
0.000259
0.007263
0.000117
0.000439
0.000023
0.008302
0.000239
0.000011
0.000253
0.000016
0.000244
0.000007
0.000012
0.016888
0.000035
0.000013
0.000070
0.000031
0.000023
0.000050
0.001235
0.000011
0.000031
0.000032
0.000018
0.000024
0.000479
0.000007
0.012950
0.000008
0.000026
0.000010
0.002028
0.000110
0.000007
0.000025
0.000236
0.000162
0.010698
0.000010
0.000021
0.000339
0.000027
0.000010
0.000026
0.000016
0.000342
0.000025
0.000022
0.000018
0.013343
0.000239
0.000007
0.000029
0.000203
0.000049
0.025894
0.000007
0.000265
0.000014
0.000045
0.000011
0.000397
0.000008
0.000030
0.000007
0.000036
0.000007
0.000025
0.000211
0.000031
0.022933
0.000028
0.000032
0.001295
0.000029
0.000010
0.000010
0.000028
0.000022
0.000036
0.000031
0.000060
0.000041
0.000013
0.012876
0.000031
0.000221
0.000016
0.025171
0.000014
0.009063
0.002678
0.000015
0.013109
0.000018
0.000053
0.000020
0.000007
0.000033
0.000018
0.000225
0.000022
0.000050
0.031715
0.000014
0.000032
0.000013
0.006959
0.000014
0.008645
0.000037
0.000014
0.000041
0.000033
0.000016
0.000008