0.064231
0.09729
0.076238
0.122761
0.115942
0.121941
0.139828
0.090004
0.108625
0.089792
0.020148
0.017842
0.031832
0.015441
0.036049
0.015163
0.036872
0.024223
0.02986
0.015386
0.06703
0.045124
0.071311
0.027998
0.072625
0.077118
0.032797
0.043788
0.042218
0.06186
0.049682
0.042809
0.08441
0.058033
0.057792
0.07788
0.062113
0.065867
0.03842
0.088008
0.012931
0.017178
0.022897
0.016699
0.006932
0.010086
0.04014
0.010793
0.014293
0.020078
0.079403
0.038341
0.05355
0.059969
0.099319
0.090843
0.068636
0.087845
0.07508
0.074803
0.022442
0.041565
0.037549
0.019475
0.058286
0.029137
0.026621
0.03982
0.056791
0.036999
0.109591
0.125012
0.127222
0.110609
0.120796
0.198556
0.191145
0.139124
0.134663
0.160619
0.015249
0.030772
0.017229
0.029311
0.031805
0.023288
0.027785
0.014685
0.03711
0.01296
0.02562
0.027057
0.013698
0.022255
0.010802
0.021616
0.009879
0.046101
0.016529
0.018994
0.126043
0.099167
0.044416
0.109071
0.149692
0.067359
0.073057
0.123038
0.156562
0.194227
0.068845
0.026732
0.062257
0.071354
0.029092
0.080164
0.090579
0.016087
0.020566
0.045266
0.052436
0.093095
0.098305
0.091885
0.065037
0.071906
0.064593
0.104477
0.056728
0.102032
0.018086
0.008959
0.016995
0.014022
0.012214
0.024905
0.00987
0.020465
0.018574
0.01714
0.012096
0.010875
0.014546
0.024465
0.023504
0.017784
0.03207
0.038417
0.028219
0.011284
0.094396
0.071513
0.113987
0.109198
0.113967
0.107895
0.104013
0.089302
0.118873
0.085607
0.014373
0.027157
0.01361
0.036542
0.011858
0.053682
0.013936
0.051531
0.020291
0.029056
0.05587
0.100172
0.072945
0.077868
0.04138
0.094236
0.058087
0.091699
0.042351
0.114614
0.029385
0.009762
0.059347
0.035922
0.0236
0.030078
0.010177
0.016701
0.016851
0.017922
0.012185
0.022249
0.010126
0.043573
0.008857
0.005097
0.00994
0.013391
0.011678
0.012659
