0.013393
0.003261
0.010742
0.004177
0.003912
0.009751
0.012253
0.012151
0.009615
0.012167
0.003307
0.012368
0.010431
0.003324
0.003116
0.002502
0.002163
0.00329
0.015686
0.012335
0.003635
0.018359
0.022898
0.016203
0.008201
0.013033
0.002102
0.01116
0.016555
0.00926
0.006574
0.016764
0.003781
0.002558
0.003494
0.003588
0.011555
0.001693
0.010585
0.002021
0.016029
0.002223
0.003319
0.00862
0.002279
0.003701
0.004011
0.007078
0.004322
0.010478
0.002211
0.003101
0.008066
0.003162
0.000325
0.014666
0.004405
0.011662
0.002628
0.003554
0.01421
0.003201
0.012174
0.010514
0.004004
0.012174
0.015324
0.00216
0.003265
0.00321
0.010653
0.020214
0.012265
0.01311
0.011641
0.011707
0.009057
0.011989
0.01191
0.011567
0.015519
0.015573
0.01206
0.003723
0.000832
0.003287
0.003511
0.012197
0.010221
0.002376
0.001811
0.010852
0.003829
0.012164
0.005
0.003428
0.010344
0.010461
0.012165
0.003663
0.010604
0.003214
0.005413
0.010968
0.004287
0.003697
0.007229
0.018993
0.003679
0.004072
0.003553
0.001414
0.00191
0.003289
0.00325
0.010158
0.012287
0.01059
0.003114
0.010505
0.006255
0.010875
0.015255
0.002621
0.015426
0.01464
0.01524
0.003119
0.011773
0.003149
0.003449
0.002807
0.013295
0.004224
0.002313
0.010255
0.003842
0.003146
0.003336
0.010616
0.015076
0.003217
0.00333
0.003266
0.002946
0.015023
0.004648
0.015862
0.002192
0.004006
0.001536
0.012754
0.014919
0.008073
0.012191
0.014089
0.010006
0.012239
0.014666
0.002004
0.015814
0.003639
0.012221
0.021787
0.012188
0.0081
0.003613
0.015258
0.00368
0.003629
0.012062
0.012937
0.012599
0.010333
0.014406
0.012406
0.012628
0.011842
0.012761
0.00218
0.003638
0.016374
0.016452
0.015534
0.01212
0.001593
0.010489
0.01012
0.014801
0.000715
0.004211
0.003511
0.00423
0.001215
0.00577
0.003632
0.015422
0.009676
0.012176
0.00383
