0.003133
0.003328
0.003299
0.011173
0.01092
0.010841
0.01182
0.004521
0.011779
0.003563
0.010288
0.011902
0.003281
0.011974
0.01181
0.011737
0.01149
0.003234
0.011058
0.003355
0.002935
0.011501
0.00269
0.003318
0.003111
0.003536
0.003599
0.011841
0.003609
0.011974
0.011586
0.011923
0.011854
0.012013
0.010653
0.010678
0.00383
0.011434
0.003192
0.003223
0.003238
0.010984
0.011573
0.003428
0.010799
0.003171
0.002765
0.003911
0.003213
0.003417
0.012103
0.011541
0.01076
0.003087
0.011033
0.004004
0.010997
0.01211
0.010491
0.011025
0.010945
0.00326
0.010779
0.00307
0.003954
0.011782
0.011694
0.01095
0.011223
0.003201
0.010802
0.011133
0.002701
0.010925
0.003453
0.003817
0.003253
0.011474
0.010848
0.00355
0.003295
0.003325
0.003992
0.003082
0.011404
0.011342
0.002894
0.004041
0.003232
0.011155
0.003496
0.004309
0.00297
0.003184
0.010913
0.003027
0.004614
0.003213
0.003422
0.011
0.011003
0.003214
0.003252
0.003979
0.011127
0.010247
0.010786
0.003324
0.011808
0.002768
0.011393
0.010918
0.002804
0.002901
0.003316
0.011275
0.010889
0.011124
0.003342
0.003679
0.011067
0.010921
0.011417
0.003185
0.003908
0.010507
0.011334
0.003642
0.003277
0.011282
0.011038
0.00266
0.011007
0.003245
0.003356
0.003283
0.011337
0.003655
0.002773
0.011893
0.00333
0.01104
0.011578
0.011349
0.003249
0.01107
0.010565
0.003571
0.01133
0.010634
0.003442
0.003819
0.011315
0.010659
0.010321
0.010683
0.003442
0.011161
0.011152
0.003934
0.004039
0.003578
0.003466
0.003792
0.003861
0.003265
0.003715
0.012043
0.011024
0.002799
0.011488
0.004092
0.002904
0.011378
0.012066
0.011302
0.003404
0.011169
0.010213
0.003014
0.003687
0.010654
0.003476
0.004035
0.010885
0.01102
0.00325
0.003168
0.010447
0.010885
0.0113
0.003105
0.003996
0.004019
0.003074
0.00337
0.010406
0.003293
0.003068
0.003202
