0.007908
0.000034
0.026051
0.004624
0.025924
0.017417
0.00462
0.02457
0.019271
0.023152
0.005704
0.039339
0.006636
0.01707
0.018835
0.008419
0.014013
0.014033
0.013706
0.017264
0.017834
0.003966
0.028259
0.017365
0.031705
0.037307
0.03443
0.033212
0.000083
0.031961
0.012031
0.003748
0.01521
0.023255
0.014602
0.012049
0.027319
0.009389
0.007053
0.019972
0.013083
0.026612
0.009518
0.026137
0.003046
0.013497
0.00589
0.00239
0.007256
0.005641
0.016777
0.013404
0.028471
0.01898
0.017107
0.011618
0.015857
0.017377
0.020587
0.021846
0.005042
0.004944
0.004036
0.008764
0.005311
0.00822
0.006726
0.034999
0.012019
0.002805
0.032959
0.004963
0.016591
0.010875
0.027413
0.002379
0.011912
0.009752
0.020852
0.010055
0.004139
0.011204
0.019367
0.041259
0.005044
0.005388
0.019615
0.013806
0.014179
0.002506
0.024528
0.01303
0.01036
0.002981
0.011922
0.001156
0.011509
0.016754
0.00213
0.013362
0.006688
0.008091
0.030602
0.039963
0.015005
0.002389
0.027082
0.013743
0.011534
0.022505
0.000079
0.026824
0.012598
0.000078
0.025974
0.003823
0.014769
0.006398
0.012979
0.017072
0.026306
0.018847
0.013994
0.031071
0.017882
0.021877
0.018685
0.026282
0.02161
0.01387
0.005848
0.034655
0.020306
0.00832
0.011401
0.00508
0.014577
0.021344
0.000084
0.01776
0.006191
0.006221
0.006339
0.022555
0.009896
0.01376
0.019894
0.021369
0.005238
0.005243
0.00208
0.007282
0.005158
0.001806
0.009042
0.012551
0.010778
0.007512
0.002304
0.014588
0.00378
0.009736
0.010304
0.014279
0.013401
0.019013
0.036465
0.003905
0.023625
0.004938
0.008183
0.015566
0.032946
0.027066
0.009228
0.014868
0.00647
0.022187
0.02805
0.008109
0.018758
0.014646
0.01344
0.026421
0.01161
0.01488
0.000046
0.010999
0.019114
0.000051
0.008109
0.007019
0.004851
0.008576
0.013087
0.015045
0.00272
0.009959
0.001375
0.000084
