0.00526
0.009747
0.000204
0.016295
0.010262
0.012928
0.020704
0.000217
0.01235
0.025877
0.027936
0.010024
0.017333
0.017665
0.016672
0.010023
0.017129
0.011766
0.010022
0.018565
0.013406
0.035278
0.01202
0.012373
0.015382
0.014965
0.000262
0.011707
0.028985
0.004248
0.000971
0.002946
0.009735
0.00483
0.018437
0.024655
0.007651
0.017739
0.000214
0.00504
0.024848
0.01639
0.018522
0.01676
0.019219
0.00955
0.000491
0.008291
0.022828
0.017443
0.033832
0.029621
0.018981
0.028998
0.02124
0.003697
0.003165
0.001514
0.010801
0.023229
0.018413
0.02244
0.006299
0.015016
0.031517
0.013413
0.017193
0.028424
0.005162
0.017685
0.021742
0.009633
0.011827
0.012699
0.00967
0.014212
0.016393
0.000031
0.009644
0.019607
0.035497
0.030441
0.012793
0.019106
0.016036
0.012849
0.032729
0.018028
0.026609
0.012253
0.006061
0.019364
0.013771
0.002921
0.000216
0.00586
0.022944
0.00346
0.018118
0.013553
0.014923
0.000027
0.022291
0.022507
0.012893
0.012117
0.016477
0.026384
0.013009
0.008523
0.008939
0.008909
0.019562
0.012204
0.003985
0.000295
0.014907
0.010882
0.024796
0.013023
0.009642
0.007059
0.000027
0.0002
0.009711
0.024505
0.025646
0.007522
0.002329
0.011556
0.025282
0.000239
0.004837
0.003354
0.000999
0.014103
0.018554
0.014909
0.010834
0.028636
0.009562
0.014577
0.010656
0.019729
0.034493
0.0529
0.006404
0.013308
0.009269
0.025696
0.009549
0.003788
0.006017
0.017822
0.006269
0.010366
0.008637
0.01965
0.017065
0.016459
0.028317
0.009134
0.012737
0.006441
0.010601
0.01512
0.011337
0.010929
0.01674
0.009691
0.014164
0.024086
0.008492
0.030406
0.050367
0.018075
0.010048
0.018798
0.040452
0.035352
0.012563
0.017746
0.009574
0.009554
0.011441
0.008561
0.027909
0.012591
0.000765
0.009352
0.021161
0.009604
0.009591
0.015442
0.018153
0.015508
0.017843
0.000234
0.004086
0.012516
