0.014142
0.001641
0.000032
0.000026
0.003116
0.00003
0.002933
0.022305
0.01073
0.016489
0.006269
0.045028
0.010239
0.054408
0.000074
0.008535
0.081271
0.000064
0.000025
0.008056
0.01033
0.010597
0.009196
0.000015
0.005716
0.010511
0.000015
0.01163
0.008286
0.008297
0.0117
0.013118
0.000037
0.010671
0.008153
0.008246
0.008328
0.007816
0.000014
0.010719
0.000082
0.004441
0.225921
0.008805
0.000718
0.007733
0.002233
0.008623
0.00309
0.002756
0.009547
0.070238
0.000021
0.142755
0.203267
0.001806
0.000929
0.001533
0.013887
0.017434
0.008556
0.010666
0.010377
0.009565
0.010656
0.000014
0.01044
0.001387
0.000013
0.002536
0.010787
0.000021
0.000025
0.000024
0.001393
0.000026
0.010397
0.008387
0.00488
0.001496
0.00002
0.003131
0.000912
0.016091
0.015328
0.000016
0.008719
0.010951
0.006709
0.013093
0.001654
0.008265
0.010496
0.00131
0.011825
0.01856
0.000023
0.010173
0.003126
0.010044
0.001804
0.008924
0.010584
0.008342
0.001623
0.007826
0.011943
0.008626
0.007827
0.001722
0.007255
0.010361
0.009255
0.001517
0.019896
0.000902
0.008041
0.012664
0.011245
0.013183
0.023346
0.017166
0.008471
0.010288
0.000421
0.000048
0.008279
0.000017
0.009322
0.010131
0.010535
0.000027
0.008627
0.017989
0.010511
0.010146
0.008881
0.007104
0.001398
0.010256
0.001836
0.008743
0.008005
0.022772
0.008582
0.000036
0.001313
0.014435
0.002562
0.008287
0.000022
0.000016
0.004677
0.001137
0.003903
0.013578
0.010183
0.01009
0.014973
0.010169
0.001103
0.005971
0.012035
0.013616
0.023416
0.002201
0.01132
0.010445
0.009077
0.000055
0.009778
0.002691
0.000029
0.001326
0.010358
0.010256
0.013119
0.000792
0.001358
0.009482
0.010001
0.00404
0.011288
0.001408
0.011685
0.008466
0.003624
0.001493
0.004897
0.006021
0.013106
0.002028
0.000016
0.011119
0.008188
0.001475
0.009128
0.000018
0.000054
0.000019
