0.015689
0.006071
0.010004
0.003296
0.023977
0.018061
0.000209
0.012308
0.021844
0.010222
0.127817
0.053294
0.171621
0.083756
0.032172
0.053986
0.02995
0.073186
0.06227
0.118699
0.014515
0.011793
0.009871
0.007529
0.024847
0.002452
0.009927
0.013426
0.013428
0.01403
0.010131
0.015825
0.017464
0.009826
0.009452
0.009659
0.017928
0.014637
0.025973
0.007108
0.261748
0.214987
0.135962
0.14178
0.119614
0.126959
0.260335
0.231982
0.235619
0.152211
0.018981
0.010619
0.028144
0.002255
0.027582
0.01879
0.024398
0.011018
0.010051
0.023095
0.028747
0.018184
0.006046
0.029689
0.007891
0.001812
0.014789
0.013461
0.028337
0.021643
0.016305
0.017134
0.00999
0.016623
0.015625
0.001394
0.046201
0.000486
0.019192
0.002424
0.174811
0.090892
0.104056
0.093615
0.034
0.00719
0.092596
0.048385
0.065884
0.089875
0.030145
0.004004
0.000021
0.024058
0.028864
0.012569
0.032919
0.020187
0.01688
0.036217
0.000207
0.025439
0.010531
0.017034
0.008083
0.035711
0.03079
0.003395
0.016626
0.015837
0.162951
0.112877
0.24098
0.178916
0.230352
0.114971
0.186978
0.214181
0.171942
0.144838
0.000181
0.026472
0.011219
0.014241
0.01621
0.010047
0.011528
0.010933
0.009714
0.022295
0.077943
0.150502
0.014219
0.143739
0.061548
0.079058
0.000226
0.159559
0.088108
0.115381
0.013632
0.020773
0.031359
0.017579
0.006972
0.018456
0.017733
0.035974
0.033719
0.014466
0.018224
0.023014
0.006381
0.016441
0.012957
0.010592
0.000256
0.012342
0.017541
0.014018
0.065488
0.054065
0.048731
0.04992
0.000029
0.085476
0.069673
0.074202
0.089993
0.125989
0.013395
0.016656
0.025888
0.035127
0.018803
0.022894
0.006678
0.021281
0.012521
0.000205
0.228615
0.146669
0.147991
0.214957
0.210991
0.195666
0.223861
0.197911
0.231927
0.17842
0.016557
0.006678
0.009336
0.013041
0.005617
0.022361
0.00778
0.01582
0.006533
0.000018
