0.017997
0.009778
0.022877
0.007308
0.007994
0.015859
0.00908
0.02217
0.005573
0.009421
0.002948
0.022785
0.012895
0.016334
0.005289
0.0094
0.007394
0.004921
0.00023
0.006522
0.006509
0.014417
0.000292
0.010451
0.005568
0.015972
0.003002
0.000021
0.000081
0.010628
0.012841
0.00023
0.002809
0.003041
0.024566
0.003845
0.003115
0.007369
0.015645
0.00023
0.002918
0.001947
0.004837
0.00023
0.00585
0.012008
0.000018
0.010496
0.008771
0.00324
0.00029
0.001622
0.00002
0.01824
0.000236
0.02303
0.000224
0.009001
0.010532
0.016189
0.005027
0.014332
0.000214
0.000352
0.005398
0.014745
0.012134
0.008294
0.005148
0.000209
0.13498
0.055671
0.097955
0.050799
0.090121
0.01925
0.000016
0.057054
0.036221
0.055992
0.01604
0.013523
0.00268
0.010822
0.009265
0.004339
0.013241
0.016061
0.010196
0.029251
0.014791
0.004121
0.005175
0.0004
0.012684
0.017069
0.002812
0.036211
0.006452
0.010837
0.01228
0.010384
0.011415
0.01164
0.001057
0.015477
0.009125
0.019973
0.014434
0.015477
0.009921
0.010101
0.002982
0.002313
0.020171
0.027047
0.000592
0.016291
0.023381
0.002631
0.001421
0.006778
0.007045
0.008332
0.013639
0.000298
0.004189
0.004826
0.007746
0.009667
0.009265
0.004415
0.0039
0.003546
0.006214
0.006547
0.000294
0.003484
0.012077
0.003054
0.004241
0.000023
0.008044
0.005147
0.004458
0.001397
0.01435
0.008855
0.002902
0.019294
0.000087
0.010685
0.017998
0.017238
0.003703
0.003939
0.000202
0.023442
0.015194
0.008505
0.009157
0.000235
0.012035
0.01422
0.010791
0.002522
0.002876
0.011566
0.000202
0.000022
0.079792
0.081822
0.043863
0.137268
0.04592
0.005067
0.118033
0.027033
0.046851
0.062139
0.004477
0.007321
0.004169
0.000634
0.000212
0.010357
0.025399
0.01095
0.000209
0.000022
0.014044
0.003059
0.008289
0.005375
0.00003
0.01922
0.000022
0.014739
0.006729
0.027028
